0.13034188034188035
0.7033333333333334
0.4166666666666667
0.9033333333333333
0.5631666666666666
0.7733333333333333
0.06666666666666667
0.4725
0.3
0.7022222222222223
0.8764880952380952
0.6966666666666667
0.4870289855072464
0.33666666666666667
0.804031007751938
0.4866666666666667
0.6594736842105263
0.27
0.7891602564102564
0.8966666666666666
0.29357142857142854
0.3699019607843137
0.18367521367521367
0.2808333333333333
0.21833333333333332
0.32
0.11
0.9295833333333333
0.5733333333333334
0.88
0.45
0.7965656565656566
0.773125
0.7333333333333333
0.7633333333333333
0.7200694444444444
0.3
0.3969513888888889
0.9533333333333334
0.4066666666666667
0.27
0.8866666666666667
0.3233333333333333
0.36333333333333334
0.11666666666666667
0.8133333333333334
0.18333333333333332
0.19
0.97
0.43822916666666667
0.43982142857142853
0.44333333333333336
0.8633333333333333
0.8464108569026602
0.20333333333333334
0.23444444444444443
0.15365079365079365
0.6922282608695652
0.26666666666666666
0.2243728880938183
0.5795833333333333
0.75
0.7330887739711269
0.17034188034188033
0.17666666666666667
0.7796461510203072
0.28435897435897434
0.19
0.16
0.22666666666666666
0.31344827586206897
0.8433333333333334
0.20333333333333334
0.54
0.4033333333333333
0.77
0.9
0.8732240437158469
0.21666666666666667
0.6079166666666667
0.14666666666666667
0.81
0.17666666666666667
0.8795833333333334
0.19702898550724637
0.12666666666666668
0.44
0.26666666666666666
0.8517554406377936
0.74
0.44958333333333333
0.7992777777777778
0.7533333333333333
0.8966666666666666
0.6933333333333334
0.7465656565656565
0.16333333333333333
0.18333333333333332
0.6833333333333333
0.8898907103825137
0.18666666666666668
0.7798534798534799
0.7033333333333334
0.56
0.31666666666666665
0.28
0.8133543417366946
0.25
0.82
0.35323529411764704
0.3466666666666667
0.5233333333333333
0.6802380952380953
0.9333333333333333
0.653235294117647
0.5731666666666666
0.8331868131868132
0.21489583333333334
0.13
0.9331547619047619
0.5966666666666667
0.7731868131868133
0.7633543417366947
0.5770289855072464
0.5203418803418803
0.9599019607843138
0.23666666666666666
0.37367521367521367
0.5636197817230649
0.8066666666666666
0.12583333333333332
0.6733333333333333
0.14034188034188033
0.3233430913348946
0.34
0.36205878552971577
0.7237916666666666
0.12343924191750277
0.4248958333333333
0.22625
0.3338643410852713
0.7718989898989899
0.3664880952380952
0.23678160919540228
0.15369565217391304
0.7133333333333334
0.89
0.5669105077928607
0.95
0.273939393939394
0.8098534798534799
0.7464999999999999
0.5434848484848486
0.357008547008547
0.48625
0.17333333333333334
0.23666666666666666
0.8232323232323232
0.4265573770491803
0.04666666666666667
0.26717171717171717
0.45666666666666667
0.09666666666666666
0.09
0.8451547619047619
0.5797282608695652
0.5833333333333334
0.8265
0.20666666666666667
0.83
0.6966666666666667
0.7660179434092478
0.5188888888888888
0.14333333333333334
0.27
0.177008547008547
0.5333333333333333
0.4655555555555556
0.2500916138125441
0.8917499999999999
0.36666666666666664
0.22333333333333333
0.43291989664082686
0.8333333333333334
0.87
0.73
0.59
0.08083333333333333
0.3351388888888889
0.7527777777777778
0.81
0.21333333333333335
0.5489999999999999
0.6058464458247066
0.5465686274509803
0.24333333333333335
0.6633333333333333
0.9396969696969696
0.42
0.056666666666666664
0.7831868131868133
0.27666666666666667
0.4166666666666667
0.53
0.21666666666666667
0.9229166666666667
0.22333333333333333
0.4832857142857143
0.7098333333333333
0.5966666666666667
0.5739217181344517
0.27034188034188034
0.22333333333333333
0.7797554406377937
0.9032352941176471
0.9233333333333333
0.2768181818181818
0.7033333333333334
0.18291666666666667
0.1509357696566999
0.8423333333333333
0.19333333333333333
0.37
0.75
0.7902380952380953
0.9564880952380952
0.8030082417582417
0.49666666666666665
0.8965686274509804
0.9396969696969696
0.3
0.68
0.10666666666666667
0.19736434108527132
0.43666666666666665
0.6691666666666667
0.25666666666666665
0.2478623188405797
0.9233333333333333
0.3
0.2
0.73
0.6098214285714285
0.49625
0.13666666666666666
0.2733333333333333
0.2833333333333333
0.75
0.26834821428571426
0.8366666666666667
0.8231547619047619
0.11666666666666667
0.28069767441860466
0.94
0.26666666666666666
0.2684782608695652
0.5772727272727273
0.5860887739711269
0.4666666666666667
0.8294444444444444
0.5616666666666666
0.4266666666666667
0.45322404371584696
0.21
0.43
0.9333333333333333
0.3599747474747475
0.2276923076923077
0.4134733893557423
0.5065201465201465
0.6233333333333333
0.31333333333333335
0.28714803312629394
0.62
0.36117521367521366
0.14666666666666667
0.21748397435897435
0.3466666666666667
0.64
0.34748412698412695
0.12
0.9
0.5693271640640062
0.836312817686974
0.22
0.27982142857142855
0.07666666666666666
0.96
0.7698907103825137
0.52
0.4866666666666667
0.16666666666666666
0.21666666666666667
0.5865201465201466
0.1
0.7065411549235079
0.6964880952380952
0.23680672268907563
0.29125
0.809248574740378
0.7965201465201466
0.25666666666666665
0.5498989898989899
0.18333333333333332
0.906140350877193
0.9399019607843138
0.6098214285714285
0.8133333333333334
0.7233333333333334
0.8266666666666667
0.36666666666666664
0.523695652173913
0.04666666666666667
0.2866666666666667
0.24666666666666667
0.2966666666666667
0.14
0.10666666666666667
0.3
0.20666666666666667
0.48813112745098036
0.6764221073044603
0.24333333333333335
0.27
0.08333333333333333
0.5566666666666666
0.23333333333333334
0.3333333333333333
0.23666666666666666
0.2703623188405797
0.19727272727272727
0.27111111111111114
0.24916666666666668
0.11666666666666667
0.27667642466822795
0.74
0.25666666666666665
0.7966666666666666
0.24034188034188034
0.23333333333333334
0.7031868131868132
0.5
0.06
0.3508167220376523
0.16333333333333333
0.7333333333333333
0.44666666666666666
0.298031007751938
0.32
0.7866666666666666
0.49
0.8833333333333333
0.19697185061315498
0.21666666666666667
0.24444444444444446
0.7333333333333333
0.3003623188405797
0.31
0.5027911549235079
0.89989898989899
0.8233333333333334
0.9433333333333334
0.3517140151515152
0.7897554406377936
0.20666666666666667
0.20666666666666667
0.6565201465201466
0.08333333333333333
0.9665686274509805
0.4695303030303031
0.543030303030303
0.5766666666666667
0.28285113778717097
0.21333333333333335
0.45714860303095595
0.45
0.20666666666666667
0.7970289855072463
0.8666666666666667
0.2859259259259259
0.056666666666666664
0.64
0.38333333333333336
0.26294117647058823
0.323695652173913
0.7022222222222223
0.5829166666666666
0.40031746031746035
0.8531260045001606
0.296140350877193
0.117008547008547
0.36333333333333334
0.82625
0.8065573770491803
0.8666666666666667
0.12
0.6434782608695652
0.14
0.2966666666666667
0.7035289855072463
0.6831666666666666
0.17
0.07333333333333333
0.25333333333333335
0.2866666666666667
0.8
0.26666666666666666
0.6698333333333333
0.20367521367521368
0.314468954248366
0.896459337833494
0.28736434108527137
0.6364880952380951
0.12
0.84
0.5688744882568412
0.2176190476190476
0.27666666666666667
0.83
0.7697435897435897
0.21
0.2510599932591844
0.5233333333333333
0.5766666666666667
0.25681159420289856
0.7531260045001607
0.7133333333333334
0.4901515151515152
0.4503492063492064
0.8333333333333334
0.7833333333333333
0.33477777777777773
0.8166666666666667
0.8696969696969696
0.6861764705882353
0.21677777777777776
0.2
0.19333333333333333
0.05681818181818182
0.8732352941176471
0.7733333333333333
0.7
0.21681818181818183
0.13666666666666666
0.5097916666666666
0.69
0.9660054406377935
0.39858333333333335
0.789199885082238
0.7032323232323232
0.30359761295822674
0.25700854700854703
0.7766666666666666
0.5368181818181819
0.056666666666666664
0.18
0.05
0.5709444444444444
0.5498989898989899
0.6933333333333334
0.8966666666666666
0.177008547008547
0.12333333333333334
0.07666666666666666
0.6606976744186047
0.6206976744186047
0.5966666666666667
0.8815686274509805
0.05333333333333334
0.7424935358758888
0.3806976744186047
0.8827093378334939
0.6366666666666667
0.24280701754385964
0.5666666666666667
0.9698214285714285
0.5833333333333334
0.2733333333333333
0.43
0.27316666666666667
0.6229411764705882
0.5265
0.4856815476190475
0.8866666666666667
0.24916666666666668
0.26666666666666666
0.8666666666666667
0.36367521367521366
0.12666666666666668
0.759280303030303
0.5315625
0.8
0.6858333333333333
0.19333333333333333
0.5932240437158469
0.30361111111111116
0.2866666666666667
0.7866666666666666
0.37652014652014654
0.16
